# unnormalized probabilities for each brickset

# brickset 0
0 .174
1 .092
2 .154
3 .133
4 .154
5 .184
6 .133

-

# brickset 1
0 .261
1 .138
2 .231
3 .1995
4 .231
5 .276
6 .133
7 .040
8 .040
9 .020
10 .023
11 .023
12 .0215
13 .0215
14 .016
15 .016
16 .015

-

# brickset 2
0 .261
1 .138
2 .231
3 .1995
4 .231
5 .276
6 .133
7 .040
8 .040
9 .020
10 .023
11 .023
12 .0215
13 .0215
14 .016
15 .016
16 .015
24 .016
25 .016
26 .017
27 .012
28 .012
29 .014
30 .014
31 .015
32 .015
33 .008

-

# brickset 3 
0 .261
1 .138
2 .231
3 .1995
4 .231
5 .276
6 .133
7 .040
8 .040
9 .020
10 .023
11 .023
12 .0215
13 .0215
14 .016
15 .016
16 .015
17 .007
18 .001
19 .007
20 .007
21 .007
22 .007
23 .003
24 .016
25 .016
26 .017
27 .012
28 .012
29 .014
30 .014
31 .015
32 .015
33 .008

# end of probabilities
